
1450	1400	3300
1199	1790	3000
1199	1790	3000
1199	1790	3000
1199	1790	3000
1100	1750	3000
1099	1750	3000
1098	1750	3200
1097	1750	3200
1095	1750	3200
1094	1750	3200
1094	1300	3200
1200	1300	3200
1200	1300	3200
1200	1300	3200
1199	1300	3200
1200	1300	3200
1200	1300	3200
1200	1300	3200
1200	1300	3200
1200	1300	3200
1199	1300	3200
1000	1300	3200
1000	1200	3200
999	1200	3200
1100	1200	3200
1099	1200	3200
1098	1200	3200
1894	1200	3200
1894	1200	3200
1894	1200	3200
1894	1200	3200
1300	1200	3200
1300	1200	3200
1300	1200	3300
1540	1980	3300
1539	1980	3300
1539	1980	3300
1539	1980	3300
1539	1980	3500
1539	1980	3500
1535	1950	3500
1532	1950	3500
1531	1940	3400
1531	1940	3400
1000	1200	3400
1531	1200	3400
1000	1300	2000
1000	1200	1500
1000	1200	1500
1000	1200	1500
1145	1490	1500
1200	1000	2000
1199	1000	2000
1193	1000	2000
1191	1000	2000
1190	1000	2000
1190	1000	2000
1200	1000	2000
1199	1000	2000
1199	1000	2000
1199	1000	2000
1350	1000	2000
1350	1000	2000
1199	1000	2000
1199	1000	2000
1198	1000	2000
1498	1000	2000
1280	1000	2000
1540	1000	2000
1540	1000	2000
1699	1000	2000
1798	1000	2000
1799	1000	2000
1799	1000	2000
1872	1000	2000
1898	1000	2000
1900	1000	2000
1999	1390	2000
1998	1390	2000
1999	1300	2000
2000	1300	2000
1900	1300	2000
1899	1300	2000
1899	1300	2000
1899	1300	2000
1899	1290	2000
1998	1290	2000
2000	1290	2000
1600	1290	2000
1597	1290	2000
1499	1290	2000
1494	1290	2000
1494	1290	2000
1490	1290	2000
1199	1200	2000
1199	1200	2000
1490	1200	2000
1299	1200	2000
1489	1200	2000
1490	1200	2000
1490	1200	2000
1490	1200	2000
1495	1200	1000
1495	1200	1000
1489	1200	1000
1488	1200	1000
1488	1200	1000
1198	1200	1000
1196	1200	1000
1100	1200	1000
1098	1200	1000
1096	1200	1000
1096	1200	1000
1098	1000	900
1097	1200	1000
1097	1200	1000
1097	1200	1000
1095	1200	1000
1095	1200	1000
1095	1200	1000
1095	1200	1000
1095	1200	1200
1097	1200	1200
1097	1200	1200
1097	1200	1200
1098	1200	1200
1100	1200	3000
1099	1000	3000
1488	1200	3000
1487	1200	3000
1490	1200	3000
1489	1200	3000
1486	1200	3000
1485	1200	3000
1400	1190	3000
1400	1100	2900
1400	1100	2900
1400	1100	2900
1200	1280	2900
1200	1280	2900
1200	1270	2900
1200	1270	2900
1200	1270	2900
1200	1270	2900
1200	1280	2900
1400	1190	2900
1490	1190	2900
1493	1190	2900
1090	980	2300
1094	980	2300
1094	980	2000
1094	980	2000
1094	980	2000
1093	980	2000
1093	980	2000
1099	980	2000
1099	980	2000
1099	980	2000
1099	980	2000
1099	980	2000
1099	980	2000
1099	980	2000
1097	980	2000
1097	980	2000
1097	920	2000
1097	920	2000
1097	920	2000
1097	920	2000
1096	920	2000
1096	920	2000
1096	920	2000
1096	920	2000
1098	920	2000
1099	920	2000
1097	920	2000
799	920	2000
999	920	2000
999	920	2000
100	920	2000
1000	920	2000
1097	920	2000
1097	910	1900
1099	900	1900
1100	900	1900
1000	920	1900
1000	980	1900
1000	980	1900
1000	980	1900
1045	1380	1800
1094	1380	1800
1089	1380	1800
1088	1380	1700
1088	1370	1700
1088	1370	1700
1090	1300	1700
1090	1300	1700
1090	1370	1700
1089	1360	1700
1089	1360	1700
1094	1360	1700
1094	1370	1800
1100	1370	1800
1100	1370	1800
1100	1370	1800
1098	1370	1800
1100	1360	1800
1100	1360	1800
1099	1360	1800
1099	1360	1800
1180	1360	1800
1180	1370	1800
1179	1370	1800
1170	1360	1800
1180	1300	1500
1000	1300	1500
1000	1300	1500
1000	1300	1500
1000	1100	1100
1000	1100	1100
999	1100	1100
1000	1100	1100
100	1100	1100
1000	1100	1100
1000	1000	1100
1000	1000	1100
1000	1100	1100
1000	1090	1100
1000	1090	1100
999	1090	1100
1000	1090	1100
1000	1090	1100
998	1090	1100
955	1010	1000
955	1010	1000
900	1010	1000
800	1010	1000
800	1010	900
800	1010	900
777	1010	900
999	1010	900
1179	1010	1000
1000	1010	1000
1000	1010	1500
1000	1010	1500
1000	1010	1500
1000	1010	1500
1000	1010	1500
1179	1010	1500
1199	1010	1500
1000	1010	1500
1000	1010	1400
1000	1010	1400
1000	1010	1400
955	1010	1400
1000	1010	1400
1200	1010	1400
1000	1010	1400
1000	1010	1400
1000	950	1400
1100	950	1300
1100	950	1300
1000	950	1300
1000	950	1300
1000	950	1300
1000	950	1000
1000	950	1000
1000	950	1000
1000	800	1000
1000	950	1000
1000	950	1000
1000	950	1000
1000	950	1000
1099	950	1000
1098	940	1000
1000	940	1000
1097	940	1000
1097	940	1000
1098	940	1000
1097	940	1000
1097	940	1000
800	940	1000
1000	940	1000
999	940	1000
999	940	1000
999	940	1000
999	800	700
999	800	600
999	800	600
1000	800	600
1000	800	600
1000	800	600
1000	800	600
999	500	600
998	490	600
997	490	600
998	800	600
998	800	600
998	800	600
998	800	600
998	800	600
997	800	600
999	800	600
1000	800	600
999	800	600
1000	800	700
1000	800	700
1000	790	700
999	790	700
999	790	1000
999	790	1000
1000	1010	1000
1000	1010	1000
1000	1010	1000
1000	1010	900
1000	1010	900
999	1010	900
1000	1010	900
1098	1010	900
1098	1100	1200
1000	1050	1200
1000	1050	1200
1000	1100	1200
1000	1100	1200
1000	1100	1200
1000	1100	1200
1000	1100	1200
1000	1100	1200
1000	1100	1200
1000	1100	1200
1000	1100	1200
1000	1100	1200
1000	1100	1200
1000	1100	1200
1000	1100	1200
100	1100	1200
1000	1100	1200
1000	1100	1200
1000	1100	1200
1000	1100	1200
999	1100	1200
999	1100	1200
999	1100	1200
997	1100	1200
997	1120	1300
997	1120	1300
997	1120	1300
1199	1000	1200
1199	1000	1200
1200	1350	1300
1200	1350	1400
1200	1350	1400
1497	1300	1400
1497	1300	1400
1497	1300	1300
1497	1300	1300
1496	1300	1300
1497	1300	1300
1496	1370	1300
1496	1380	1400
1200	1380	1400
1200	1300	1400
1200	1300	1400
1197	1480	1500
1197	1300	1500
1195	1300	1300
1194	1300	1300
1191	1300	1300
1189	1300	1300
1187	1300	1300
1115	1300	1300
1115	1300	1300
1115	1300	1300
1100	1300	1300
1000	1480	1300
1000	1480	1300
1000	1300	1300
1000	1300	1300
1000	1300	1300
999	1300	1500
999	1300	1500
999	1300	1500
999	1300	1500
999	1110	2000
997	1300	2000
997	1300	2000
997	1300	2000
900	1300	2000
997	1300	2000
995	1300	2000
997	1300	2000
997	1300	2000
995	1480	2000
997	1480	2000
990	1020	1000
990	1020	1000
990	1020	1000
990	1020	1000
990	1020	1000
990	1020	1000
990	1020	1000
995	1020	1000
995	1020	1000
995	1020	1000
995	1020	1000